#include "stdafx.h"
#include "FDIparams.h"

void FDIparams::InitParam()
{
	GaussSigma();
	GaussMu();
	GaussPtype();
	TranDistribution();
	GapDistribution();
	CovarMatVal();
	CovarMatInv();
}

//数据未变更
void FDIparams::GaussSigma()
{
	m_vUpperSigma.resize(16);
	m_vLowerSigma.resize(16);
	for (unsigned i = 0; i < 16; i++)
	{
		m_vUpperSigma[i].resize(784);       //28*28
		m_vLowerSigma[i].resize(784);       //28*28
	}

	//upper sigma
	m_vUpperSigma[0] = {
		3.944522341400893, -1.487897598102038, -7.381417756537365, 0.190909989793620, 0.205001333779295, -0.339186440237900, 0.040953865741710, -0.037156870917221, -0.018506101468199, 0.051890793290607, -0.060184179892448, -0.043434094606501, -0.008456949220822, 0.022633175719876, -0.005055135166589, 0.003562735416306, -0.008121980303869, 0.021285019747098, 0.017677829578968, 0.051399161883691, 0.008753993669432, 0.043737510635337, -0.002918727662367, 0.004129087967994, 0.006947582577477, -0.001489172462981, 0.008998697872654, -0.006651805495321,
		-1.487897598102038, 4.501512952646177, 4.535074807491012, 0.028342653414252, 0.133348723723045, 0.127088443190954, -0.038002496894797, 0.009011250613649, -0.021138954598704, 0.082553279826578, 0.055163053268708, -0.012700856432865, -0.019102715079136, -0.009620520079486, -0.011451668830095, 0.002628979442692, -0.003000874266294, -0.018292192354996, -0.024298213673407, 0.013343241031324, -0.015278747489412, -0.039673108207888, -0.065836141147680, -0.040436193888570, -0.027988600666030, -0.005983139039900, -0.066793516568453, 0.073373825271624,
		-7.381417756537365, 4.535074807491012, 864.552929861562120, 29.899955859601338, 22.054869923978060, 19.166202725791731, 1.401202116917705, 3.684255544916562, 3.473604348157700, 1.953884094743548, 1.194611467053188, 0.225276201094148, 0.254266157585480, 0.118441112419594, 0.336664903447438, 0.320034690431374, 0.415714417168066, 0.354743098690881, 0.237428944088378, -1.697180270240823, -3.038087272727186, -0.498941150414670, -0.530989503899062, -0.147472173671206, -0.047405790836393, -0.009578940574698, 1.669326366774051, 9.165717838917624,
		0.190909989793620, 0.028342653414252, 29.899955859601338, 2.148915897741242, 0.619366252361740, 0.631946946767062, 0.028705704694160, 0.070577107631366, 0.080811581479597, 0.077841328930996, 0.139125109652645, 0.031505386302011, 0.034117978918418, 0.014224479686815, 0.019644568324199, 0.020474845533481, 0.014229955759814, 0.013951721684911, 0.001391829616922, -0.074345071183455, -0.123009464207344, -0.069887194812630, -0.057406664332980, -0.006689031883861, 0.025756392282757, 0.014285213798072, 0.128661648230590, 0.427839301234818,
		0.205001333779295, 0.133348723723045, 22.054869923978060, 0.619366252361740, 1.253509023955924, 0.350673882806128, 0.051243918848870, 0.064646653068526, 0.051887416422872, 0.079868697876995, 0.001562165163841, 0.008255537060462, 0.027466078447120, 0.017791263708158, 0.019301450978100, 0.019203912088148, 0.018803942438795, 0.031719600859645, 0.040918753592358, 0.026771408256418, -0.121233338973884, 0.106207831301457, 0.015102595953655, 0.003631284084760, -0.011736576304130, -0.004529348189270, 0.042238500582655, 0.252454975180292,
		-0.339186440237900, 0.127088443190954, 19.166202725791731, 0.631946946767062, 0.350673882806128, 0.612304927135022, 0.040959264083399, 0.112544391821930, 0.098710356301988, 0.020450120075656, 0.024923182071051, 0.010940962529135, 0.001954314500598, 0.000851120098028, 0.001151193917186, 0.003061245105629, 0.004358098726935, -0.003086900115600, -0.010233230436774, -0.052120771249615, -0.056696082760636, -0.057057782861285, -0.034720621637074, -0.009642779605853, -0.000196607391917, -0.000369213034136, 0.065544821493829, 0.167049892850738,
		0.040953865741710, -0.038002496894797, 1.401202116917705, 0.028705704694160, 0.051243918848870, 0.040959264083399, 0.048379990929035, 0.051786204933047, 0.013906574015375, -0.016238755011784, -0.026504887854999, -0.009862211499476, -0.002885481613906, 0.002512640164378, 0.000772858267651, 0.002232221258805, 0.004017891701690, 0.004892549512045, 0.003422976710812, 0.013953467360147, -0.004928480550494, -0.015814926065144, -0.003769763566025, -0.001258082557378, -0.000776944828631, -0.000041907038132, 0.009357830104256, -0.000788521226646,
		-0.037156870917221, 0.009011250613649, 3.684255544916562, 0.070577107631366, 0.064646653068526, 0.112544391821930, 0.051786204933047, 0.130720593421145, 0.059578378309119, -0.034877780753039, -0.053446877011231, -0.013878101506649, -0.007379425809212, 0.002105949903475, 0.004066630167936, 0.004256020177855, 0.008662243409146, 0.010838212187666, 0.010646723774372, 0.017122226631851, -0.028108834274157, -0.026013605469936, -0.011456010113531, -0.001589268253717, 0.001263261505325, -0.000822315524521, 0.023739178131642, 0.018222618526492,
		-0.018506101468199, -0.021138954598704, 3.473604348157700, 0.080811581479597, 0.051887416422872, 0.098710356301988, 0.013906574015375, 0.059578378309119, 0.111317232028501, 0.030941530827535, -0.029329939363590, -0.009723243682052, -0.006285652938150, 0.001696993022808, 0.005890027071027, 0.006682408878366, 0.009779572079100, 0.012587852926860, 0.019542360567758, 0.021573864561673, -0.058520144056203, -0.031081932225154, -0.004724158898241, -0.000049731970572, -0.000572167651175, -0.000474919125955, 0.010190204693275, 0.022149276466677,
		0.051890793290607, 0.082553279826578, 1.953884094743548, 0.077841328930996, 0.079868697876995, 0.020450120075656, -0.016238755011784, -0.034877780753039, 0.030941530827535, 0.138151161708589, 0.091061971106860, 0.021344618329068, 0.008809547728533, 0.005759324534157, 0.005648928975918, 0.009542757294806, 0.008052487901499, 0.014533736489629, 0.022720453538493, 0.032576850331528, -0.102084393783110, -0.029433140620657, 0.012979788916281, 0.004737075857535, 0.000878849801489, 0.002092136305642, 0.011779163542616, 0.034463311430183,
		-0.060184179892448, 0.055163053268708, 1.194611467053188, 0.139125109652645, 0.001562165163841, 0.024923182071051, -0.026504887854999, -0.053446877011231, -0.029329939363590, 0.091061971106860, 0.339121419936556, 0.123669317360619, 0.034549399895545, 0.016705959973796, 0.006845047263033, 0.009846830451560, 0.005329720251152, 0.013455807349406, 0.014626012880613, 0.019402391631594, -0.190422942559340, -0.052111476711354, 0.028636714904287, 0.015415072626340, 0.009873837310416, 0.004732225729926, 0.017877035968342, 0.023133923696629,
		-0.043434094606501, -0.012700856432865, 0.225276201094148, 0.031505386302011, 0.008255537060462, 0.010940962529135, -0.009862211499476, -0.013878101506649, -0.009723243682052, 0.021344618329068, 0.123669317360619, 0.116143626896634, 0.041943191553009, 0.018610778642912, 0.010762632540059, 0.008196039238670, 0.005773306711326, 0.008918046264524, 0.009790768638009, 0.008613555952099, -0.102130034492147, 0.002924047006991, 0.020811690386960, 0.011182016342047, 0.008228212769927, 0.003938173731838, 0.018400726320073, 0.003531901370087,
		-0.008456949220822, -0.019102715079136, 0.254266157585480, 0.034117978918418, 0.027466078447120, 0.001954314500598, -0.002885481613906, -0.007379425809212, -0.006285652938150, 0.008809547728533, 0.034549399895545, 0.041943191553009, 0.029922875014885, 0.014879632141705, 0.009670373767065, 0.007514094934786, 0.005565976418634, 0.006358762469008, 0.007100121477068, 0.007340010911832, -0.039164006351065, 0.008994480979794, 0.013663476889064, 0.008866854273110, 0.006792522032266, 0.002953871939866, 0.012424048019500, 0.006615058076965,
		0.022633175719876, -0.009620520079486, 0.118441112419594, 0.014224479686815, 0.017791263708158, 0.000851120098028, 0.002512640164378, 0.002105949903475, 0.001696993022808, 0.005759324534157, 0.016705959973796, 0.018610778642912, 0.014879632141705, 0.013983338567572, 0.008701197950480, 0.007399270692292, 0.005808466442002, 0.006074545305826, 0.007882477027600, 0.009110030831530, -0.026541138933941, 0.006305788671164, 0.007901941122296, 0.005241056217895, 0.004446928518422, 0.001639125325120, 0.006172115080893, 0.004991172399457,
		-0.005055135166589, -0.011451668830095, 0.336664903447438, 0.019644568324199, 0.019301450978100, 0.001151193917186, 0.000772858267651, 0.004066630167936, 0.005890027071027, 0.005648928975918, 0.006845047263033, 0.010762632540059, 0.009670373767065, 0.008701197950480, 0.009228765473887, 0.006916255602674, 0.006326050940575, 0.006347254494533, 0.008297847455933, 0.005961566525929, -0.021612134287646, 0.009718083270242, 0.006686837078106, 0.004812712889624, 0.003590769673089, 0.001550533875343, 0.005079690610880, 0.008363349252474,
		0.003562735416306, 0.002628979442692, 0.320034690431374, 0.020474845533481, 0.019203912088148, 0.003061245105629, 0.002232221258805, 0.004256020177855, 0.006682408878366, 0.009542757294806, 0.009846830451560, 0.008196039238670, 0.007514094934786, 0.007399270692292, 0.006916255602674, 0.008651456491308, 0.006311428971482, 0.006873612285029, 0.009868750518797, 0.008762568141476, -0.025113415933088, 0.007784748806797, 0.006528528324565, 0.004241754848951, 0.002535169478169, 0.001080241935712, 0.005061786374732, 0.007086737801896,
		-0.008121980303869, -0.003000874266294, 0.415714417168066, 0.014229955759814, 0.018803942438795, 0.004358098726935, 0.004017891701690, 0.008662243409146, 0.009779572079100, 0.008052487901499, 0.005329720251152, 0.005773306711326, 0.005565976418634, 0.005808466442002, 0.006326050940575, 0.006311428971482, 0.008786657618312, 0.007439135083552, 0.009670720526610, 0.006680144658279, -0.026187579380248, 0.013354954740287, 0.007646113115945, 0.004938979967058, 0.003426598439570, 0.001526688929770, 0.004867321526181, 0.009172232507586,
		0.021285019747098, -0.018292192354996, 0.354743098690881, 0.013951721684911, 0.031719600859645, -0.003086900115600, 0.004892549512045, 0.010838212187666, 0.012587852926860, 0.014533736489629, 0.013455807349406, 0.008918046264524, 0.006358762469008, 0.006074545305826, 0.006347254494533, 0.006873612285029, 0.007439135083552, 0.012750426723619, 0.014561434412351, 0.018219028750536, -0.040077963480954, 0.012000763650527, 0.010319511165198, 0.005921497168317, 0.003539865664519, 0.001176035774155, 0.004459889616233, 0.008677314781638,
		0.017677829578968, -0.024298213673407, 0.237428944088378, 0.001391829616922, 0.040918753592358, -0.010233230436774, 0.003422976710812, 0.010646723774372, 0.019542360567758, 0.022720453538493, 0.014626012880613, 0.009790768638009, 0.007100121477068, 0.007882477027600, 0.008297847455933, 0.009868750518797, 0.009670720526610, 0.014561434412351, 0.029447580575652, 0.036707729160343, -0.060960738308973, 0.026019771101075, 0.017454239772682, 0.006609157113522, 0.002421094887514, 0.000890772065290, 0.003304557109541, 0.012025683853249,
		0.051399161883691, 0.013343241031324, -1.697180270240823, -0.074345071183455, 0.026771408256418, -0.052120771249615, 0.013953467360147, 0.017122226631851, 0.021573864561673, 0.032576850331528, 0.019402391631594, 0.008613555952099, 0.007340010911832, 0.009110030831530, 0.005961566525929, 0.008762568141476, 0.006680144658279, 0.018219028750536, 0.036707729160343, 0.103442563096608, -0.081564070146479, -0.001953084876813, 0.019040066314937, 0.004687622877379, 0.000773611131433, -0.000522614562191, 0.003643737212743, -0.010787565962769,
		0.008753993669432, -0.015278747489412, -3.038087272727186, -0.123009464207344, -0.121233338973884, -0.056696082760636, -0.004928480550494, -0.028108834274157, -0.058520144056203, -0.102084393783110, -0.190422942559340, -0.102130034492147, -0.039164006351065, -0.026541138933941, -0.021612134287646, -0.025113415933088, -0.026187579380248, -0.040077963480954, -0.060960738308973, -0.081564070146479, 0.280445511707009, -0.085270318762822, -0.055997742763717, -0.022984204572927, -0.010815563101328, -0.004976716981303, -0.032997607868697, -0.049516848530403,
		0.043737510635337, -0.039673108207888, -0.498941150414670, -0.069887194812630, 0.106207831301457, -0.057057782861285, -0.015814926065144, -0.026013605469936, -0.031081932225154, -0.029433140620657, -0.052111476711354, 0.002924047006991, 0.008994480979794, 0.006305788671164, 0.009718083270242, 0.007784748806797, 0.013354954740287, 0.012000763650527, 0.026019771101075, -0.001953084876813, -0.085270318762822, 0.334801830826769, 0.058900789616103, 0.011398178235710, -0.000959448085278, 0.000465660519182, -0.013358693698202, 0.024792917448134,
		-0.002918727662367, -0.065836141147680, -0.530989503899062, -0.057406664332980, 0.015102595953655, -0.034720621637074, -0.003769763566025, -0.011456010113531, -0.004724158898241, 0.012979788916281, 0.028636714904287, 0.020811690386960, 0.013663476889064, 0.007901941122296, 0.006686837078106, 0.006528528324565, 0.007646113115945, 0.010319511165198, 0.017454239772682, 0.019040066314937, -0.055997742763717, 0.058900789616103, 0.056888197776720, 0.016225130411468, 0.005040234535953, 0.002262233167959, 0.001365916950401, 0.004318629510561,
		0.004129087967994, -0.040436193888570, -0.147472173671206, -0.006689031883861, 0.003631284084760, -0.009642779605853, -0.001258082557378, -0.001589268253717, -0.000049731970572, 0.004737075857535, 0.015415072626340, 0.011182016342047, 0.008866854273110, 0.005241056217895, 0.004812712889624, 0.004241754848951, 0.004938979967058, 0.005921497168317, 0.006609157113522, 0.004687622877379, -0.022984204572927, 0.011398178235710, 0.016225130411468, 0.014557644271150, 0.007658179175258, 0.002560449885105, 0.006382468786507, 0.002629134668061,
		0.006947582577477, -0.027988600666030, -0.047405790836393, 0.025756392282757, -0.011736576304130, -0.000196607391917, -0.000776944828631, 0.001263261505325, -0.000572167651175, 0.000878849801489, 0.009873837310416, 0.008228212769927, 0.006792522032266, 0.004446928518422, 0.003590769673089, 0.002535169478169, 0.003426598439570, 0.003539865664519, 0.002421094887514, 0.000773611131433, -0.010815563101328, -0.000959448085278, 0.005040234535953, 0.007658179175258, 0.008900250470712, 0.003241200755455, 0.006931594512245, 0.003776543283976,
		-0.001489172462981, -0.005983139039900, -0.009578940574698, 0.014285213798072, -0.004529348189270, -0.000369213034136, -0.000041907038132, -0.000822315524521, -0.000474919125955, 0.002092136305642, 0.004732225729926, 0.003938173731838, 0.002953871939866, 0.001639125325120, 0.001550533875343, 0.001080241935712, 0.001526688929770, 0.001176035774155, 0.000890772065290, -0.000522614562191, -0.004976716981303, 0.000465660519182, 0.002262233167959, 0.002560449885105, 0.003241200755455, 0.001741643740929, 0.002689529894845, 0.002125188910614,
		0.008998697872654, -0.066793516568453, 1.669326366774051, 0.128661648230590, 0.042238500582655, 0.065544821493829, 0.009357830104256, 0.023739178131642, 0.010190204693275, 0.011779163542616, 0.017877035968342, 0.018400726320073, 0.012424048019500, 0.006172115080893, 0.005079690610880, 0.005061786374732, 0.004867321526181, 0.004459889616233, 0.003304557109541, 0.003643737212743, -0.032997607868697, -0.013358693698202, 0.001365916950401, 0.006382468786507, 0.006931594512245, 0.002689529894845, 0.068985503101752, 0.018828269359343,
		-0.006651805495321, 0.073373825271624, 9.165717838917624, 0.427839301234818, 0.252454975180292, 0.167049892850738, -0.000788521226646, 0.018222618526492, 0.022149276466677, 0.034463311430183, 0.023133923696629, 0.003531901370087, 0.006615058076965, 0.004991172399457, 0.008363349252474, 0.007086737801896, 0.009172232507586, 0.008677314781638, 0.012025683853249, -0.010787565962769, -0.049516848530403, 0.024792917448134, 0.004318629510561, 0.002629134668061, 0.003776543283976, 0.002125188910614, 0.018828269359343, 0.178745853385499
	};
	m_vUpperSigma[1] = {
		7.465035183704341, -0.227848242168934, -2.138704886408547, -0.103669065286533, -0.770577189948815, 0.405507371141723, -0.031746956195823, -0.060298743386064, -0.075534130256678, -0.056324963128210, -0.177642702009129, -0.139920507061210, -0.086499753731115, -0.065117807210697, -0.043025561905088, -0.037930149291770, -0.064588050224280, -0.076651321470429, -0.090827371368106, -0.115682429746002, 0.318938365532550, -0.138510078126214, -0.080873779192449, -0.041180505056462, -0.022386089749818, -0.005448619336728, 0.025297387648539, -0.066666692933458,
		-0.227848242168934, 4.480257368356312, -7.237983582115067, -0.367333453030046, -0.317670026984879, -0.006920294424622, -0.025303278272628, -0.036527708468876, -0.005636909235608, -0.132681546332526, -0.088167313075939, -0.036953239093217, -0.022020454416093, -0.020370815295325, -0.019760614675301, -0.011923094682755, -0.006482593054222, -0.014179667420999, -0.043572727321291, -0.069209884661341, 0.170211618596312, -0.011474437822775, -0.018753433463036, -0.001850949129052, 0.009762868987906, 0.006152771216002, -0.073993070105379, -0.144145478891790,
		-2.138704886408547, -7.237983582115067, 928.991003265922250, 36.978834143833723, 21.426064732154611, 21.756611927288354, 1.251582986408925, 3.005910524104649, 3.664346857111676, 3.260163001502062, 0.709322686025522, -0.153932735088400, 0.183997292183535, -0.005831076119397, 0.034599849073426, 0.080038405178156, -0.058471269393960, -0.251398375485399, -0.287460675565841, -1.493859049885359, -2.100743260456684, -2.507132024273410, -1.081983891211342, -0.651989343576157, -0.297427426365085, -0.096986713649020, 3.067310748133668, 11.015697161839821,
		-0.103669065286533, -0.367333453030046, 36.978834143833723, 2.621120350253058, 0.960520756633958, 0.766111481948456, 0.023589075590962, 0.048097256393629, 0.075519271474716, 0.169178594152794, 0.091528544724414, 0.006163306251962, 0.009625770102808, 0.006678699299350, 0.007199078999373, 0.010130215633206, 0.006762575025770, -0.003105252013600, -0.013975240630035, -0.057903566734630, -0.098364523318256, -0.100733790259754, -0.055434405703215, -0.031745562883606, -0.003654610042491, 0.001243763248011, 0.188607923454573, 0.560476188875452,
		-0.770577189948815, -0.317670026984879, 21.426064732154611, 0.960520756633958, 1.178672060847295, 0.354447278656527, 0.031119336675343, 0.043838665710145, 0.028192718391838, 0.099811556860406, 0.043953069542542, 0.008113006308549, 0.014262679130547, 0.011863622153113, 0.011090275660403, 0.010744745269637, 0.009925794786116, 0.006561846972935, 0.009285432685419, -0.014163486625014, -0.082076516100237, 0.015227101157267, -0.026555939165235, -0.017486198250865, -0.010717261206824, -0.004576015292978, 0.077951789770532, 0.284658211267243,
		0.405507371141723, -0.006920294424622, 21.756611927288354, 0.766111481948456, 0.354447278656527, 0.718829113629726, 0.027718719866041, 0.071346367178580, 0.094048763496164, 0.072716981082980, 0.005179706345051, -0.016402077411024, -0.004569977547016, -0.005590351929576, -0.004744965366978, -0.004434291804029, -0.008493873877439, -0.016170668910652, -0.020837260272393, -0.053731128838411, -0.020891168665282, -0.091205324105686, -0.041107624828061, -0.020263658372201, -0.007538811515394, -0.002230027648436, 0.121916555092762, 0.226450291672713,
		-0.031746956195823, -0.025303278272628, 1.251582986408925, 0.023589075590962, 0.031119336675343, 0.027718719866041, 0.057459939628962, 0.060315601797777, 0.015737894533378, -0.013638182081220, -0.024452171394674, -0.007082624663693, -0.000554664467305, 0.003845782120104, 0.002894837806548, 0.004214520367523, 0.005150869048417, 0.005578896584327, 0.007363483728087, 0.014977440654438, -0.005551485031162, -0.032767499708997, -0.007892397311052, -0.001167720212568, -0.000424277596180, 0.000175951379749, 0.005577423934919, 0.004082834974457,
		-0.060298743386064, -0.036527708468876, 3.005910524104649, 0.048097256393629, 0.043838665710145, 0.071346367178580, 0.060315601797777, 0.139862370392894, 0.067843155798339, -0.018353749299541, -0.050281456113880, -0.013725031970090, -0.002705685403722, 0.004337503208375, 0.005459411172025, 0.006340576452305, 0.007401280758923, 0.010721370823737, 0.016645476631064, 0.028441042453793, -0.035435759839144, -0.051440413869364, -0.012400811467012, -0.002452802980121, -0.001527514845887, -0.001008377931882, 0.007474922465059, 0.014818526853868,
		-0.075534130256678, -0.005636909235608, 3.664346857111676, 0.075519271474716, 0.028192718391838, 0.094048763496164, 0.015737894533378, 0.067843155798339, 0.144888471305533, 0.038734173689980, -0.035162956192607, -0.017549601745021, -0.005472779473022, -0.000791511341378, 0.003131815231541, 0.004690716039519, 0.006124395813810, 0.009065631494034, 0.018455241296494, 0.034147623732067, -0.067498291541112, -0.055175921231836, -0.005501235923236, -0.003383444124701, -0.003373071172127, -0.002089070697087, 0.004397890725040, 0.031802825034721,
		-0.056324963128210, -0.132681546332526, 3.260163001502062, 0.169178594152794, 0.099811556860406, 0.072716981082980, -0.013638182081220, -0.018353749299541, 0.038734173689980, 0.140313294086775, 0.075757080714688, 0.008697157273734, 0.003849439515491, 0.003381036750359, 0.004670578536169, 0.006318757877889, 0.005679199904268, 0.008830301333935, 0.016315008845074, 0.033431962458138, -0.098235960546670, -0.045955164704504, 0.000359298559704, 0.001389252825594, -0.000703988235800, -0.000400145223783, 0.021327471802242, 0.043752431344983,
		-0.177642702009129, -0.088167313075939, 0.709322686025522, 0.091528544724414, 0.043953069542542, 0.005179706345051, -0.024452171394674, -0.050281456113880, -0.035162956192607, 0.075757080714688, 0.254199738439843, 0.083588884938140, 0.027689633081081, 0.013810557789906, 0.009852045795343, 0.009367260309383, 0.005253257750493, 0.010131971229357, 0.011042081035250, 0.017738917992738, -0.130494793745513, -0.030125646576002, 0.014055715630324, 0.012356671531581, 0.005972815190629, 0.002295121202393, 0.012507261647713, 0.010054297596632,
		-0.139920507061210, -0.036953239093217, -0.153932735088400, 0.006163306251962, 0.008113006308549, -0.016402077411024, -0.007082624663693, -0.013725031970090, -0.017549601745021, 0.008697157273734, 0.083588884938140, 0.084621100206011, 0.033306977795069, 0.016442963589938, 0.011012088027591, 0.008485735167543, 0.006114697128297, 0.007676052466705, 0.008093941630930, 0.008320225044638, -0.062094003541997, 0.007043208735267, 0.016171127289804, 0.011780110177625, 0.006334796553818, 0.002307548989491, 0.003255383134817, -0.002465732651317,
		-0.086499753731115, -0.022020454416093, 0.183997292183535, 0.009625770102808, 0.014262679130547, -0.004569977547016, -0.000554664467305, -0.002705685403722, -0.005472779473022, 0.003849439515491, 0.027689633081081, 0.033306977795069, 0.028000070962408, 0.014116827576127, 0.009816457491209, 0.007250282170371, 0.005265979365694, 0.005461735550867, 0.005844536906039, 0.007558550073388, -0.031801725609530, 0.007997331634027, 0.010601701723746, 0.007853713063892, 0.004494156382881, 0.001468233209730, 0.003167333928419, 0.004665889970404,
		-0.065117807210697, -0.020370815295325, -0.005831076119397, 0.006678699299350, 0.011863622153113, -0.005590351929576, 0.003845782120104, 0.004337503208375, -0.000791511341378, 0.003381036750359, 0.013810557789906, 0.016442963589938, 0.014116827576127, 0.014065728675465, 0.008647416483130, 0.007560610664154, 0.006207174803428, 0.006007230687640, 0.007201799773223, 0.010246209815789, -0.023580161021694, 0.004274394326496, 0.006682662709699, 0.005255625742183, 0.003227676103919, 0.000944157932576, 0.002754719176860, 0.001745926278272,
		-0.043025561905088, -0.019760614675301, 0.034599849073426, 0.007199078999373, 0.011090275660403, -0.004744965366978, 0.002894837806548, 0.005459411172025, 0.003131815231541, 0.004670578536169, 0.009852045795343, 0.011012088027591, 0.009816457491209, 0.008647416483130, 0.009325470376382, 0.006935125945320, 0.006179467478475, 0.005984098360602, 0.007176951209056, 0.008690531017614, -0.021356766263642, 0.003641254753038, 0.005649658888091, 0.004659980549937, 0.002642622582537, 0.000818402179869, 0.002875764909128, 0.003220445526829,
		-0.037930149291770, -0.011923094682755, 0.080038405178156, 0.010130215633206, 0.010744745269637, -0.004434291804029, 0.004214520367523, 0.006340576452305, 0.004690716039519, 0.006318757877889, 0.009367260309383, 0.008485735167543, 0.007250282170371, 0.007560610664154, 0.006935125945320, 0.009259527305157, 0.006531695287945, 0.006938502690186, 0.008260043086887, 0.010642996439019, -0.022393042563226, 0.002434314079697, 0.005216795252086, 0.004223242301670, 0.002018521520253, 0.000478244335973, 0.002730720304928, 0.001936991382272,
		-0.064588050224280, -0.006482593054222, -0.058471269393960, 0.006762575025770, 0.009925794786116, -0.008493873877439, 0.005150869048417, 0.007401280758923, 0.006124395813810, 0.005679199904268, 0.005253257750493, 0.006114697128297, 0.005265979365694, 0.006207174803428, 0.006179467478475, 0.006531695287945, 0.008916361254171, 0.007804881912503, 0.009487678777107, 0.012129678100403, -0.022420055200942, 0.005422986740149, 0.005735972550037, 0.004165056776900, 0.002255979322098, 0.000703425072808, 0.001966983443908, 0.000502989887240,
		-0.076651321470429, -0.014179667420999, -0.251398375485399, -0.003105252013600, 0.006561846972935, -0.016170668910652, 0.005578896584327, 0.010721370823737, 0.009065631494034, 0.008830301333935, 0.010131971229357, 0.007676052466705, 0.005461735550867, 0.006007230687640, 0.005984098360602, 0.006938502690186, 0.007804881912503, 0.012919290374977, 0.013545456962597, 0.019520625380316, -0.033033781656509, 0.007496714254777, 0.008079756052933, 0.004786551308150, 0.002219333564199, 0.000564616033818, 0.000629576980839, -0.000475775590507,
		-0.090827371368106, -0.043572727321291, -0.287460675565841, -0.013975240630035, 0.009285432685419, -0.020837260272393, 0.007363483728087, 0.016645476631064, 0.018455241296494, 0.016315008845074, 0.011042081035250, 0.008093941630930, 0.005844536906039, 0.007201799773223, 0.007176951209056, 0.008260043086887, 0.009487678777107, 0.013545456962597, 0.026964125729178, 0.037076197091073, -0.052677269635860, 0.011798734328492, 0.013109461813955, 0.006730903783880, 0.002246363631003, 0.000588117516434, 0.000646255379014, -0.000029056422156,
		-0.115682429746002, -0.069209884661341, -1.493859049885359, -0.057903566734630, -0.014163486625014, -0.053731128838411, 0.014977440654438, 0.028441042453793, 0.034147623732067, 0.033431962458138, 0.017738917992738, 0.008320225044638, 0.007558550073388, 0.010246209815789, 0.008690531017614, 0.010642996439019, 0.012129678100403, 0.019520625380316, 0.037076197091073, 0.105805490243568, -0.091017555817570, -0.008926288395820, 0.019219942746777, 0.009888432080408, 0.002824181221344, -0.000047887813649, -0.000862559905343, -0.017265209251619,
		0.318938365532550, 0.170211618596312, -2.100743260456684, -0.098364523318256, -0.082076516100237, -0.020891168665282, -0.005551485031162, -0.035435759839144, -0.067498291541112, -0.098235960546670, -0.130494793745513, -0.062094003541997, -0.031801725609530, -0.023580161021694, -0.021356766263642, -0.022393042563226, -0.022420055200942, -0.033033781656509, -0.052677269635860, -0.091017555817570, 0.244567239307608, -0.077443604604144, -0.042712106302567, -0.020224633228689, -0.006832172263297, -0.001505660742233, -0.016162870409460, -0.031989657542125,
		-0.138510078126214, -0.011474437822775, -2.507132024273410, -0.100733790259754, 0.015227101157267, -0.091205324105686, -0.032767499708997, -0.051440413869364, -0.055175921231836, -0.045955164704504, -0.030125646576002, 0.007043208735267, 0.007997331634027, 0.004274394326496, 0.003641254753038, 0.002434314079697, 0.005422986740149, 0.007496714254777, 0.011798734328492, -0.008926288395820, -0.077443604604144, 0.336520036459087, 0.052844591234641, 0.010307102140789, 0.002196908022329, 0.000777558202172, -0.016717496946636, 0.002343947994519,
		-0.080873779192449, -0.018753433463036, -1.081983891211342, -0.055434405703215, -0.026555939165235, -0.041107624828061, -0.007892397311052, -0.012400811467012, -0.005501235923236, 0.000359298559704, 0.014055715630324, 0.016171127289804, 0.010601701723746, 0.006682662709699, 0.005649658888091, 0.005216795252086, 0.005735972550037, 0.008079756052933, 0.013109461813955, 0.019219942746777, -0.042712106302567, 0.052844591234641, 0.048823870321549, 0.015939298397378, 0.005032381798533, 0.001675095380551, -0.001852021351685, -0.005857418936681,
		-0.041180505056462, -0.001850949129052, -0.651989343576157, -0.031745562883606, -0.017486198250865, -0.020263658372201, -0.001167720212568, -0.002452802980121, -0.003383444124701, 0.001389252825594, 0.012356671531581, 0.011780110177625, 0.007853713063892, 0.005255625742183, 0.004659980549937, 0.004223242301670, 0.004165056776900, 0.004786551308150, 0.006730903783880, 0.009888432080408, -0.020224633228689, 0.010307102140789, 0.015939298397378, 0.014956104340251, 0.006565856537247, 0.001961825724436, -0.000479435329269, -0.006620835759113,
		-0.022386089749818, 0.009762868987906, -0.297427426365085, -0.003654610042491, -0.010717261206824, -0.007538811515394, -0.000424277596180, -0.001527514845887, -0.003373071172127, -0.000703988235800, 0.005972815190629, 0.006334796553818, 0.004494156382881, 0.003227676103919, 0.002642622582537, 0.002018521520253, 0.002255979322098, 0.002219333564199, 0.002246363631003, 0.002824181221344, -0.006832172263297, 0.002196908022329, 0.005032381798533, 0.006565856537247, 0.006303774472879, 0.001999543686494, 0.000472334710438, -0.001957322535979,
		-0.005448619336728, 0.006152771216002, -0.096986713649020, 0.001243763248011, -0.004576015292978, -0.002230027648436, 0.000175951379749, -0.001008377931882, -0.002089070697087, -0.000400145223783, 0.002295121202393, 0.002307548989491, 0.001468233209730, 0.000944157932576, 0.000818402179869, 0.000478244335973, 0.000703425072808, 0.000564616033818, 0.000588117516434, -0.000047887813649, -0.001505660742233, 0.000777558202172, 0.001675095380551, 0.001961825724436, 0.001999543686494, 0.001151007559222, 0.000679875572846, -0.000213576276119,
		0.025297387648539, -0.073993070105379, 3.067310748133668, 0.188607923454573, 0.077951789770532, 0.121916555092762, 0.005577423934919, 0.007474922465059, 0.004397890725040, 0.021327471802242, 0.012507261647713, 0.003255383134817, 0.003167333928419, 0.002754719176860, 0.002875764909128, 0.002730720304928, 0.001966983443908, 0.000629576980839, 0.000646255379014, -0.000862559905343, -0.016162870409460, -0.016717496946636, -0.001852021351685, -0.000479435329269, 0.000472334710438, 0.000679875572846, 0.089262622515869, 0.041016594841607,
		-0.066666692933458, -0.144145478891790, 11.015697161839821, 0.560476188875452, 0.284658211267243, 0.226450291672713, 0.004082834974457, 0.014818526853868, 0.031802825034721, 0.043752431344983, 0.010054297596632, -0.002465732651317, 0.004665889970404, 0.001745926278272, 0.003220445526829, 0.001936991382272, 0.000502989887240, -0.000475775590507, -0.000029056422156, -0.017265209251619, -0.031989657542125, 0.002343947994519, -0.005857418936681, -0.006620835759113, -0.001957322535979, -0.000213576276119, 0.041016594841607, 0.214523681741521
	};
	m_vUpperSigma[2] = {
		6.353668741044300, 0.124771278961234, 1.006093925023521, -0.009576783338874, -0.323850715578583, 0.517648211217015, 0.012872772560382, -0.008844808765410, -0.032463701770740, -0.000531744141737, -0.010817950107654, -0.026242186893164, -0.015916824857315, -0.009900897107695, -0.000940280544278, -0.000556042027072, -0.004192194096108, -0.000632802150233, -0.011837269237498, 0.003821307166375, 0.039447394829769, -0.047057243795246, 0.006602748458993, 0.008496100352931, 0.004270941403880, 0.001165060573500, 0.135295038673203, 0.008673307878877,
		0.124771278961234, 3.612489382035432, -7.668537981995755, -0.437254865052791, -0.308036138262741, -0.079318448120903, -0.045172602116725, -0.063230910343186, -0.040514815877890, 0.005722486350297, 0.023126567172988, -0.019392309115684, -0.014520031952678, -0.018920795786709, -0.022227863997009, -0.017724081761475, -0.020626860816806, -0.023860147163260, -0.034887938655182, -0.029023131090830, 0.098491078994660, -0.066453998488158, -0.011794821244028, 0.002667631993422, -0.004438402875103, -0.002781722167269, -0.026170350361539, -0.175821287224455,
		1.006093925023521, -7.668537981995755, 783.643236517799100, 24.330677195022250, 20.742749602204331, 20.438783439024867, 0.358620038657289, 0.145955320975726, 0.970743399970903, 1.211336743332276, -0.022113360134240, -0.014836867002768, 0.283586724073967, 0.047577966477980, 0.034141290303604, -0.012131101034184, -0.073080879436829, -0.065586720631642, -0.473304982451187, -0.977237498670327, -0.508262615139341, 0.674663221475759, 0.070338183968416, -0.109265262884649, -0.070213912762872, -0.047089398132560, 3.792488231762574, 10.158843851089795,
		-0.009576783338874, -0.437254865052791, 24.330677195022250, 2.379891069083098, 1.043282771837294, 0.556371934973073, -0.014770416643614, -0.058975225981917, -0.039289791294437, 0.001514840404364, 0.080361841042578, 0.031513562141759, 0.020961131370224, 0.010752487580765, 0.015178885004885, 0.017106136694354, 0.019176526730957, 0.019388299697176, 0.016213913995723, -0.015669825522751, -0.051779142554709, 0.045850574744609, 0.013072900259119, 0.013224476352504, 0.004363585965774, 0.002796393392673, 0.219859906133310, 0.509120064033591,
		-0.323850715578583, -0.308036138262741, 20.742749602204331, 1.043282771837294, 1.237998984519706, 0.420174567632445, 0.004956511454111, -0.012959904457383, 0.023039160077455, 0.052995101349146, 0.048877373027948, -0.009178280326713, 0.007798660929672, 0.002460164849127, 0.002632752971886, -0.000736361786068, -0.000208151117609, -0.000381617338801, -0.002505726305394, -0.014012188491549, -0.040109254246107, 0.030877594827182, -0.030746488374474, -0.009112450017306, -0.005641054260501, -0.001703527237846, 0.145393809200919, 0.296140861396175,
		0.517648211217015, -0.079318448120903, 20.438783439024867, 0.556371934973073, 0.420174567632445, 0.893974782362975, 0.006404041930446, -0.010593851212744, 0.029575304228073, 0.045210481168880, -0.011930293657607, -0.003800187953641, 0.000083676826876, -0.004230618552060, -0.003647642487089, -0.007209200428456, -0.009636028972565, -0.010117766273334, -0.021730501635737, -0.030913713731387, -0.005650998307514, -0.003237236958510, -0.000476581866932, 0.002718754499258, 0.002112889908460, -0.000423941339444, 0.222799143824398, 0.244516290641315,
		0.012872772560382, -0.045172602116725, 0.358620038657289, -0.014770416643614, 0.004956511454111, 0.006404041930446, 0.029752523068366, 0.037704189999776, 0.013927040461504, -0.015179821972694, -0.021352800833070, -0.005029617570616, -0.000496104261308, 0.000929189875236, 0.001861932943216, 0.001353809917445, 0.002705438056143, 0.004156235809939, 0.004738603214473, 0.010090281059206, -0.001679878222899, -0.013454549924995, -0.000078980522526, -0.000660565644121, 0.000622192110549, 0.000205829023892, 0.003184241798111, -0.001812990576421,
		-0.008844808765410, -0.063230910343186, 0.145955320975726, -0.058975225981917, -0.012959904457383, -0.010593851212744, 0.037704189999776, 0.111987343207027, 0.062953893393582, -0.030328860971456, -0.064838261477753, -0.021169549844937, -0.009295208651819, -0.001449859518810, 0.001155727225244, 0.001491512543587, 0.004100417443554, 0.008287430357574, 0.014118017432771, 0.030362066469382, -0.010281447053395, -0.036636466892960, -0.007668786221283, -0.007866327900156, -0.003491598617572, -0.000674600649538, -0.003863041879278, -0.015853195946376,
		-0.032463701770740, -0.040514815877890, 0.970743399970903, -0.039289791294437, 0.023039160077455, 0.029575304228073, 0.013927040461504, 0.062953893393582, 0.133003188419585, 0.024430242104641, -0.068574279555496, -0.032654621518655, -0.013700039708463, -0.004027362570828, -0.000855156847677, -0.000324160435348, 0.000936052395328, 0.005584563736672, 0.013572051162368, 0.031813132841242, -0.042945684344192, -0.036820328956156, -0.013470706194877, -0.013381771038333, -0.006925946910127, -0.001997055634643, 0.006774382708262, 0.001104048552466,
		-0.000531744141737, 0.005722486350297, 1.211336743332276, 0.001514840404364, 0.052995101349146, 0.045210481168880, -0.015179821972694, -0.030328860971456, 0.024430242104641, 0.138050839090151, 0.033584866470180, 0.001879434897975, 0.003186331033198, 0.001291167862275, 0.002129224779017, 0.001258215814835, 0.000998854616885, 0.002895415090502, 0.004343445957259, 0.020837465018063, -0.074044923482873, -0.019660966004815, -0.004155130875185, -0.001838405940854, -0.000328494071664, 0.000203560696533, 0.011363286256801, 0.006582616170153,
		-0.010817950107654, 0.023126567172988, -0.022113360134240, 0.080361841042578, 0.048877373027948, -0.011930293657607, -0.021352800833070, -0.064838261477753, -0.068574279555496, 0.033584866470180, 0.183236890710097, 0.065371315892315, 0.026264056708418, 0.014385402002203, 0.010427679396999, 0.007684431223400, 0.007757834350655, 0.006715142731140, 0.008184113149290, 0.007427958514765, -0.071765342909493, 0.018475707877055, 0.016492380816601, 0.015668350445002, 0.009319200038022, 0.003137383802650, 0.010903782228890, -0.001607265410962,
		-0.026242186893164, -0.019392309115684, -0.014836867002768, 0.031513562141759, -0.009178280326713, -0.003800187953641, -0.005029617570616, -0.021169549844937, -0.032654621518655, 0.001879434897975, 0.065371315892315, 0.067108092041660, 0.031232286237868, 0.017262457362455, 0.011152350487147, 0.009602376738613, 0.007603343554434, 0.007376855928994, 0.008288050420240, 0.006154367090810, -0.043474888336591, 0.014350088951990, 0.018650320139375, 0.014948820255838, 0.008876840167759, 0.002386161476564, 0.002178956297841, 0.007567550456655,
		-0.015916824857315, -0.014520031952678, 0.283586724073967, 0.020961131370224, 0.007798660929672, 0.000083676826876, -0.000496104261308, -0.009295208651819, -0.013700039708463, 0.003186331033198, 0.026264056708418, 0.031232286237868, 0.031142649464773, 0.016803220214099, 0.011909447258450, 0.009422132037952, 0.008038313977385, 0.008332048603933, 0.009687988015109, 0.010109513136485, -0.038660104481032, 0.018406011335697, 0.019706100487401, 0.013125973350065, 0.007384069701469, 0.001983803823886, 0.000402210888147, 0.011443887902358,
		-0.009900897107695, -0.018920795786709, 0.047577966477980, 0.010752487580765, 0.002460164849127, -0.004230618552060, 0.000929189875236, -0.001449859518810, -0.004027362570828, 0.001291167862275, 0.014385402002203, 0.017262457362455, 0.016803220214099, 0.015102652298204, 0.010440589530236, 0.008435358716070, 0.007698624489871, 0.007688951774859, 0.008482129937605, 0.009413589730571, -0.027835568784568, 0.010136815619006, 0.013523998920319, 0.009022461308740, 0.004827922664173, 0.001593605838592, 0.000465723775138, 0.005575084455648,
		-0.000940280544278, -0.022227863997009, 0.034141290303604, 0.015178885004885, 0.002632752971886, -0.003647642487089, 0.001861932943216, 0.001155727225244, -0.000855156847677, 0.002129224779017, 0.010427679396999, 0.011152350487147, 0.011909447258450, 0.010440589530236, 0.011455092928641, 0.008467316569797, 0.007830857992405, 0.007894366424438, 0.008445491838905, 0.010318161946519, -0.026751127022463, 0.010455420080999, 0.011180939054330, 0.007513724578381, 0.004023188355064, 0.001283927955038, 0.001229109003820, 0.005335047764629,
		-0.000556042027072, -0.017724081761475, -0.012131101034184, 0.017106136694354, -0.000736361786068, -0.007209200428456, 0.001353809917445, 0.001491512543587, -0.000324160435348, 0.001258215814835, 0.007684431223400, 0.009602376738613, 0.009422132037952, 0.008435358716070, 0.008467316569797, 0.009822939623882, 0.008114058432604, 0.008426241008648, 0.009513458101738, 0.010033330600358, -0.025108947806621, 0.011381806594304, 0.011720855112435, 0.007544337822591, 0.004079667558901, 0.001344206811903, -0.000269207876178, 0.006151146871395,
